Merge commit; Ancestor; left; right;
50edc1fb130edd08381f0dd3e907500f066d9ed8;f2e7d31048907226c4d20872cc0ca7839b5d6261;f465eb52d;29baa0f4d;
49b1b13df96b60365e956a81e13271c5b5d00b9e;739c6c155827209fcbee7f056381415e31094768;739c6c155;df0293ecf;
7ffab4fe856c2873aaf1c4c00a81b4a76ed69667;884eec772c13541a7b1af249a68373cd9f30e488;884eec772;425b9c167;
1c33b929d7223b23e282ce6d15f51d601b01da64;5f29fe6f504ca430f430096b90d76945599adf68;610679ae2;9b371e22f;
610679ae247268b3bd345671c418a063388710d5;51ec2fdceb8d3189a92d587b3c7032cf50d7c1ce;51ec2fdce;9a23c656c;
5bc8d851e199bf3ddc131ccf0f0604d60a0e0970;85b5f9b62166c9698e9ea5a9b73cc25ee354e2cd;5629caa29;ef5ace0bd;
71ce253d87e2aed8280cd667aa2fe34a42b3cda9;28e24d02683bad4678f02da903225a23076d5041;28e24d026;967f84c72;
c0528123f34abe2fad3f36f8bbd9d0cd5a78ab24;1f489360460e0058f23570933ceb0593b52ec397;1f4893604;b02fe25bb;
101e84bef61f2f7f913a3a2a137dacd65b9adf73;a1b536f9d1040d968159fd2e9f563977c8d83c87;a1b536f9d;3c97f9eac;
48484507f8bf39dd3b1aa388acff018d9a161a96;21d1511af01f2b463d709800ff7a65509cae2fe7;2c5d9792b;88042fb7f;
b378de241a1c4183db3fa737d8656689c8ee6c0d;db454b86d0c864a779b6a0ece25ed34a20fd28fb;393a9fb35;710f2450b;
393a9fb35bee599e469b58f070e9292682e4c2f9;db454b86d0c864a779b6a0ece25ed34a20fd28fb;db454b86d;549a62720;
4d7bf6c81b596f6e7ce75717d419a9494c710df0;c3c8cb986fec4ef21d79f1a38b4fff9e9ae3f5eb;c3c8cb986;c6be2981c;
0623eae2cf56580ad3b712a84e8d9f21f5dc7562;2d34237234bfa4153c3e773efc4b56d7910bc290;9f3839fd0;fefc700ae;
9f3839fd061e2301eaef2d5e63dc464f5ff292b5;b3bc65934d72a667f1201d22534ce4d904de0a7a;2d3423723;e64da1dd7;
2d34237234bfa4153c3e773efc4b56d7910bc290;b3bc65934d72a667f1201d22534ce4d904de0a7a;b3bc65934;748c5544c;
b3bc65934d72a667f1201d22534ce4d904de0a7a;84045c535ea62795d438ec39ea99ce57f0c47251;84045c535;6b6e9b0cd;
7628f26c55cb99a3550f104dd5071130880a55fb;fd65e8657e6081b7c5d7084b93e9fdb3dd1ce74c;fd65e8657;0dd7810eb;
6eb797cd56ba1755ee7767e4166618a53d672fac;bd2d57b0e2c4abf9436065fc12fbd1ecb451d0fd;bd2d57b0e;95e6aa777;
b9d6983a0519419b8b51ba2878ee66e52a1f34c0;1620bcc32cef1c975b18e6bb813c6effc011158d;1620bcc32;c93d305a3;
1620bcc32cef1c975b18e6bb813c6effc011158d;878abffec1e0b2a803495309c71e073fba5790c3;878abffec;9d66ee51d;
878abffec1e0b2a803495309c71e073fba5790c3;274230c12a84a613ca4330d7397eb21b50a2a42c;274230c12;29910cf2d;
c5fb7fe08ccc28328baf0aaaa6e00d37667e8dae;3eb00f483f2636f6aff0187e02008bd1ddf31a75;4af7fd469;4b323a3f4;
4af7fd4696467263ad0b53cba7b8325a0770781a;d6d653aeb43dfb5f8b624e6421488e5ea8f3f937;d6d653aeb;1b8d11aa3;
596c19b13e504994d4a672e1748dcb74c7d2af0f;3eb00f483f2636f6aff0187e02008bd1ddf31a75;3eb00f483;71660b2bc;
b5b201b11a8afdc5a046c02320d45df87de9adc5;b3e8921f8e8a425a98409ade5a7258de03fd9077;b3e8921f8;89941d172;
b3e8921f8e8a425a98409ade5a7258de03fd9077;27c0e4761adeb09213150ece02c61ea279232647;27c0e4761;153fd2df1;
27c0e4761adeb09213150ece02c61ea279232647;5c761150bb15dee9056e07de43587d3e1be42c08;8aae5f892;1f093f134;
8aae5f892cb78b32081d4173f5f4499b9893109a;5c761150bb15dee9056e07de43587d3e1be42c08;c360b57ad;f409a0ceb;
d10e766f2e32d4044bcf94a9f063da58c41b42a6;cc09335b3a7f300cd6a41d997c76e78d44331e6a;fdf7a922e;0109139c8;
a1a18e98a13b780d591a93f8074e8e20eb51eaa4;cae8f211218141dd686a2f7d7ea1856cccd8dd3a;ffc4dad1b;302b675dc;
e42eb802da33e5e9414ad2913d6c7cd7bb056ca6;55c54d299803c44c409a6590c6ffc20ed4438ddf;bf8dba9d9;c4e0676aa;
09228ca28915185bffe9797f6fa213ba3241091d;fe07cf17fa9c5aad9feeb820b87b15b61864d1bd;740411f7a;5a13bac84;
ae4405fab936f3c97514577a2697c838b58c4621;0db9e9e72bc48bab57c6c1c3fc7f4dd4c438fd05;e3ce0147f;7ea45aa92;
6bcc7624a7ef5b5031fa714531d886fc75acad7d;c048b72119bef274cbe62dd73682c79fdbad1f0f;ecb49ba9e;0db9e9e72;
936a2921282bf171b06c3c77450e93c78c6beb7d;7f8b89ff159e2d8f47c6b842729e50c24b115a8a;bdcd05a5c;0db9e9e72;
0db9e9e72bc48bab57c6c1c3fc7f4dd4c438fd05;7f8b89ff159e2d8f47c6b842729e50c24b115a8a;e55275fc6;b2c3b7132;
e55275fc6df6b1b6b6e56a3c905da8dbea05d4df;c048b72119bef274cbe62dd73682c79fdbad1f0f;698603b99;7f8b89ff1;
9caa3b58f0876ed46604a2a43893574d35f344d4;c048b72119bef274cbe62dd73682c79fdbad1f0f;6262b3066;7f8b89ff1;
41267b56608edfd75cda9f3e249d5ca92b271421;90aa6c4e861cb1e90ba9f1317c8e188d0fc5a624;edad49fb4;005ec7952;
f95b432f949ca794b9445058d5f5fa185142c7ff;8f47fab865bf9c636805e68f757e39dbca1ef252;496555378;2b34d5374;
32f91c3362dfc16dcf20cf3bd826dc928a9731a5;2112c506fc16a593961d7bc3453ce4a18fe455ff;a94140813;11da477da;
11da477da2eb53004393b6d7a1e7bd8f8e6cfbf3;2112c506fc16a593961d7bc3453ce4a18fe455ff;22ba558f2;60518956b;
60518956b9e93ef9ef4f58ef4d4979fa4ebf2141;7de7f24eb75b8b0cca1da435befb982bbbaa5943;2112c506f;9307b1bce;
07559b47674594fdf40f2855f83b492f67f9093c;450322e7b8fddf85f22ac9dfb65666fd5f51e606;80add4f07;a5e7730c7;
53208d355ed6484aa5589de5ceea5e1521f4daae;0655d420e414c659fe0eef70e00b3a7d1bffbf9b;b95d6adf3;da2681c8e;
c094b17b4bbfa91395dfc93dc6ac9236f1e12211;a6d2ac59eb292c4ecb983b071f1a099abfa987bb;f86dc4a1b;2f355ff21;
d04b5618716fda175705f0ff6a44fd313ab6ebca;6642ef92e599d43a18920efa3553e77d7da9a39c;e3aa60d1e;51240b911;
e3aa60d1edbe06282bea0fa10a5041468ab15a80;47f1b1b5159951ae2f4a44c9a08a11c69f8de9cf;0e97a3360;46a2d84fa;
0e97a336019b2590a5a486cd4d0249a60db36eb7;b7ad4540f69d6dd9e329b8a29963644aa5cbc93b;4147425bc;6642ef92e;
6642ef92e599d43a18920efa3553e77d7da9a39c;5f38675ec51c16d54b4d36677b8f88923d59a9f0;47f1b1b51;e631ef04a;
b1c648bbe2630a21308bb5d11c2dae2d9a1500c8;5f38675ec51c16d54b4d36677b8f88923d59a9f0;9ea47faa7;1a87c33bd;
1a87c33bd18648f484133794840e94bd8d1d4a64;5f38675ec51c16d54b4d36677b8f88923d59a9f0;063f0e52f;b4a1570df;
5f38675ec51c16d54b4d36677b8f88923d59a9f0;4a5350df30e9c5e16d3a82d72b7679712ea41414;13661b985;c7b0a2663;
c7b0a26638de4f4b9bd3f674e0c2924775f78fc6;4a5350df30e9c5e16d3a82d72b7679712ea41414;8edcd7294;5070bb480;
5070bb4801aaeb9f30d56222ccae5cc90d0aadef;4a5350df30e9c5e16d3a82d72b7679712ea41414;92c5d46c9;ec9880eae;
ec9880eae5b8d071ae630a77c8184a8e6865ce3b;4a5350df30e9c5e16d3a82d72b7679712ea41414;535a840af;09b36a13b;
09b36a13b8e996e9b67cfeebabc8db9b06c46173;4a5350df30e9c5e16d3a82d72b7679712ea41414;6f1fdb09a;6f83c0839;
6f83c0839dd0343f229406d4222d8c5bea768c47;4a5350df30e9c5e16d3a82d72b7679712ea41414;1ca38eded;f223e76a3;
5bfe391ab1e7b2ec1e32ae9dace392f75267a21f;fa2f28ad7dd241156d935fa4c963aa6f2f56e7b7;4c782528c;670cf9ebf;
3fc3eb99b6ed23e0ca96ac31723d5aef60c44885;b7ad4540f69d6dd9e329b8a29963644aa5cbc93b;bc0102dd7;6cce93c1a;
ae319032fb4ac210d6020ed822fb4c5c1cd013d8;76755d5e8622ed6ae896d556f69a84496b08ce77;b7ad4540f;313138996;
0aa55cdcc5c335a397769003d87bfe513385e036;818bd2c8270a8d080d61d050f32805046563bbbf;aab2f0d5e;b7ad4540f;
a55753d55f1c7f517bb977441785ff84cb4b9a04;2a3251f211bb8e567f2374e3fad0513ef8463fbb;d3cc7c042;b7ad4540f;
5f6af256da06e24205c8f3f6889615320607899a;818bd2c8270a8d080d61d050f32805046563bbbf;95e3ac19d;8f47fab86;
9ff6fcec711c06f2a3c3b498e04c9dde72f00c21;7f7c31b7bec52d2bf0b79493891c49031a9847f0;6d9af1bfc;86e33b144;
86e33b144fb626234150cee2ca2eb05d06eed131;91b30d2ecf3f96ab230f2c3d701acda5a567a50e;eb5164c0c;7f7c31b7b;
7f7c31b7bec52d2bf0b79493891c49031a9847f0;450322e7b8fddf85f22ac9dfb65666fd5f51e606;d977058c2;91b30d2ec;
a698a55ba385ea274668cb3ee091cc33c1f26163;72452b4171b0041e1ef981a9923ed5e9038bc164;d84e14b13;450322e7b;
109f0f9f5d2f0aaafb970c620ae34a4657452128;2a3251f211bb8e567f2374e3fad0513ef8463fbb;a92fc6e1f;e7793bc55;
d7b6f761adedf7eba825864a27b1adf59d2e4400;ea561a2bbfe35e9edb1185f8ca69e50f276abfb3;d7ec600d8;2a3251f21;
6721e480316daf021679d0d0846c7c7f04c1c5cd;36c2b05f00c9c2731871620de9a6ecd7ecba70c9;842406795;ea561a2bb;
960ae38ca01fc971981fafe35813c4e7091b81d0;a90b6a7ce9d496a4ebc5c83e29c32c557a19a67d;5feb5de26;9b50783a1;
4f399b4c23082b65f8155b351f8268ab358d5eb5;a90b6a7ce9d496a4ebc5c83e29c32c557a19a67d;93110f89c;ad9eb7f00;
ce61416fbd8773003d86bd5f56b3e42569d9e068;a90b6a7ce9d496a4ebc5c83e29c32c557a19a67d;8ed480517;d51253011;
f10f48c87d828881dda9912f050bccf8bb36776c;855c92147b7749fef0648e68c7c04d9dea55b28a;391418a1d;a90b6a7ce;
d51253011690def06db835d5ad605ca134c94d84;855c92147b7749fef0648e68c7c04d9dea55b28a;391418a1d;a90b6a7ce;
1d0c6ed11a7a134c38046c7cb1bf8eb06238e728;e1375ff5d012aeb18e3d6ddbdd9dd376e4718ebb;88cd5b2ef;f4fc5827f;
014ff90c15664202edf46d901d6ef85b975cbd51;6679c5b6f03492e78032b11356969f380d836336;fcf95c64b;e1375ff5d;
46004cda86592ed9edfb9e65a52174eca8e6e74d;93f30598969d72f6c051eb5d4f77613a7ecee3ff;6679c5b6f;bb42cb595;
d017a5411de869929dd03efc6c952aa708a9bd2a;93f30598969d72f6c051eb5d4f77613a7ecee3ff;a81d8a431;3f9fa2fcf;
8f2c275750bea7c7ab3f6ebba282e7aba8ce251e;8b3cdede1933095c495a7c6615cd6542dda2f86c;d81042e42;8daaccf0c;
14da007c1b292eab8f73e4d5648d412c18b71e56;3f3f37454c5b415c301a7ad845e807d1079a3dfb;701a2e8e5;0cdd2eced;
3f3f37454c5b415c301a7ad845e807d1079a3dfb;bd85e0a23c2575383c8967454bcbb36a4ac7b2eb;f097a9ead;7984d2b24;
1de573d88ce9ae3e56d9618bc1eb3e1f3fd6ad28;855c92147b7749fef0648e68c7c04d9dea55b28a;f3ab61d15;7f65eefbb;
bd85e0a23c2575383c8967454bcbb36a4ac7b2eb;51297a01f663b7186d8a11fa282460add0cbece2;757725894;32edb2c17;
5f0b50224d0cb35a3cb2255006cc50fb32e3a4c2;82abe8b1725c263a03a94e4ec4250e7c7b3d055d;99c3cdeb9;51297a01f;
80b740bb66c1dbdc5fd6baddae41cacf2257c5c8;c6071742586f0cf27f1561ea714a292675b0e5ce;a453f064f;244b5787a;
82abe8b1725c263a03a94e4ec4250e7c7b3d055d;c1bcf7940ad468aced744aeb3544b073c0ec4775;399770dc8;bbcd830aa;
40fc80425d27c9fed3218285010826dfda9b3926;c1bcf7940ad468aced744aeb3544b073c0ec4775;80f3ea8da;6b69b2272;
80f3ea8dafb7a6f106f1b7b8a8c27fe6a0426724;de77ccfe57d273ea6b8ea609e7aa1db8fedfd0f2;c836eeb29;1f1fb1ad7;
c1bcf7940ad468aced744aeb3544b073c0ec4775;171c3962cf73e88cdd4951fd6a2333ebd7659706;f3f253efb;eb51e1605;
6105959a2130d833eaefdb1f6023f539c5f1cfa4;03da40279d946382a9e87545c261e69b676bc76a;171c3962c;2234b99f7;
171c3962cf73e88cdd4951fd6a2333ebd7659706;03da40279d946382a9e87545c261e69b676bc76a;38c0730b6;8a994c8fb;
38c0730b6b0bfe638981e77c33d37048a876adec;e75564a7e9b9cefc89c28385d7791b3853a9f689;e99460f78;95b69a7b2;
80dd5aa930e7f77b9c8ed5efe31592dcfb74058d;45b8852806789bdd54af531104857d7387a1d267;731372a75;ffee604d8;
7a8ea9c2ef35cd4acda768e6c5ebe31e8ca8278e;c4e1650a8fec3fd5c1c11c526ba4b588dc89ea18;5f0f9b921;46b9b6003;
5f0f9b921631d087e53a40ff825b060180eeb141;a16364e0449695498b8a23e10096b7368e81a383;c4e1650a8;45b885280;
f1a112829882de876ecef725cd4c919805dc643e;27b5661a0cd595f195159c3ba8900397c0894981;2f710ac5c;a16364e04;
3a655c8d8f67bb9f65b1c59d0cb7dcc90dad8e51;27b5661a0cd595f195159c3ba8900397c0894981;1abb3a810;14e0c6052;
27b5661a0cd595f195159c3ba8900397c0894981;c3dfb9894a38ab6a9cac8a8b05010c4a0f6c8ba0;3fae79651;d5a19e926;
5df102d027fa6b1c600ee7e751d7471627310597;0b674c4c6b99ace296b90d08ae3db44475265e50;76c489d07;f50a77657;
6d2be72400d98a397c338a54f5fa2aea3d5d8849;95f4d6555823985e41751c0f216add0571c5ad02;0e5b012d3;0b674c4c6;
95f4d6555823985e41751c0f216add0571c5ad02;f3e0287b07bc1d97f26dbc3db9e3205da9cc69aa;e3f77fa86;174e67158;
1aa65b9ef053e58c4413c1c4043bbba1b970f1ff;67bf83baed8d7ef92c32a25e84a75ce47361cb65;f82983c32;017c50e91;
1e731ece44283e89f0049e88bfcd7b4a240ad42f;cee01315ab49a971a3d263b7bdca224c2478533a;40638c189;fb6a9d695;
ae324cfb59d1b455c70ce986d2d1fd07a24e830a;fbe07ad0940825639fb3a798ecb25f98586f1b53;1228961f3;583f59379;
f25c38b51e0f35ea1637832e1ea6680c343203e2;7f4b3090a371cc5366fd51709953082ef2ea6334;8c5d87e67;fc3d87890;
66a86d1652c383ea3921d03f49f444f1d1000765;b0046809dccfb492a6464f2c119798db6af9bc20;bf623976e;7f4b3090a;
1bdad7a453b800ed478e68c9e5ae49948da53b05;5ef075cb2c8fa591bd0dc1f59d7048d286c9d13a;d7ef1124a;6239ac906;
51b1f60fc5f2e86bc073c39ea4e880bce8adb5a1;67be5984ae28fec04db7758d120c8621951360ca;15574a6da;d69bd7ec9;
1df93afef61ef20df296708a3d34e289e662981e;82d9289031387acae0d22414d8612d79f39b8f63;ec94288aa;9e37238de;
d8ab52e9bf3a1e39147b3b67359193b1077784af;9d824fb72c2205f2f526d4d96b1cbf1500c12187;a3000e64c;6e11f0f67;
6dac65178b7c4ac03bb52826e7270d6e5b082696;26df9d1461e4d7cdab79457f402bcd8cff75486c;ba1f49d17;62e2fb260;
26df9d1461e4d7cdab79457f402bcd8cff75486c;32bf06e47ba240ffb25239262e049b627ce4bc5c;1976587aa;ab2b8504b;
a86405d02140df1a0ba1c148c40c4aaaf0067bbe;916414d2fbe40f24c01cd1963bd79bc97bed601e;5357a5887;8a1a22a45;
8a1a22a456ac72395a56cb0ac0cd94e55e218103;916414d2fbe40f24c01cd1963bd79bc97bed601e;846a55129;32bf06e47;
2a0b50ec65fbfc8a7a466e2fb937356c7f1e3b9a;4adaa76fb43af31a4e77e82c21dbb0f7a29aa5ee;b124e76df;21d1cfe45;
819eff7cdbbfb8ee13092d0bd2411b537afd85b0;deb7d182f191fc2afcc19b968b831d17624f7266;fa7190a64;4adaa76fb;
4adaa76fb43af31a4e77e82c21dbb0f7a29aa5ee;4fa41715d9076d5df4b82d8e3fc93d54e17fe7f3;597a00acc;deb7d182f;
05e6cd0ad3817c2d85b7830fb2b83237a45c7e3c;3001bce457943e89af990198a94e1b933e969174;47fc56a2c;f6038f27b;
d71b8015cd24ecaff10ef74260d96ba3de3e38b2;1566f28328eb9b0e362970657492e093fd359722;966c21f9b;b92df456d;
411bdd18ae022c1a1d1fe04836daf3c50b7ac71a;c7da7804ff27ac05970a1125cd621b10b767b2f6;1566f2832;650563ef2;
650563ef25b45dbd9599a41e0a7dc6101f5d003c;5a023a538ace95823792f7fe2682436f0b4bfce7;ce2ab7758;eb283ea21;
eb283ea21b68d377914c21f0ad914a8fc3887d6b;34554b1ce94e533449c41ffefed9fc2ecb211019;c7da7804f;5a023a538;
5a77535278fcdda5f813705c7f9f35f5f99a76eb;9d7b799c3080b6d6986b5551c61b9113e7c0c23d;2dd6ec4eb;bd639689e;
5484b0782b9cd35aa213b9fc94b078ebc9b26504;4e5c6eaf2b1737942cdc33ebc1f14910589b5798;000e1a58b;a6b3efdec;
a6b3efdecae6ae06b80b4a6f43ec285c812ffe3b;ed7c9cbd4bf1d55dfdda79335c66ceae2c837452;95f264336;d12591e71;
